0.000000000000000000e+00 9.700007345486907351e-01 9.700006354894824545e-01 4.599999999999999645e+00 5.220458361577266615e+00 5.220458361577266615e+00 2.033029857232795390e+00 2.033029857232795390e+00
9.700007345486907351e-01 0.000000000000000000e+00 1.584004000002840806e+00 5.220459350002162324e+00 5.720062999999999676e+00 5.935333441347082406e+00 2.595401852404555676e+00 2.809336020376522747e+00
9.700006354894824545e-01 1.584004000002840806e+00 0.000000000000000000e+00 5.220456688149993418e+00 5.935331083908967464e+00 5.720060000000350087e+00 2.809334110270616858e+00 2.595399222349039636e+00
4.599999999999999645e+00 5.220459350002162324e+00 5.220456688149993418e+00 0.000000000000000000e+00 9.700001571968944747e-01 9.700001571968944747e-01 2.625492411034547224e+00 2.625492411034547224e+00
5.220458361577266615e+00 5.720062999999999676e+00 5.935331083908967464e+00 9.700001571968944747e-01 0.000000000000000000e+00 1.584001999999999910e+00 3.188752554746447920e+00 3.365174728795222503e+00
5.220458361577266615e+00 5.935333441347082406e+00 5.720060000000350087e+00 9.700001571968944747e-01 1.584001999999999910e+00 0.000000000000000000e+00 3.365174728795222503e+00 3.188752554746447920e+00
2.033029857232795390e+00 2.595401852404555676e+00 2.809334110270616858e+00 2.625492411034547224e+00 3.188752554746447920e+00 3.365174728795222503e+00 0.000000000000000000e+00 7.299600000000000533e-01
2.033029857232795390e+00 2.809336020376522747e+00 2.595399222349039636e+00 2.625492411034547224e+00 3.365174728795222503e+00 3.188752554746447920e+00 7.299600000000000533e-01 0.000000000000000000e+00
