0.000000000000000000e+00 9.700001571968944747e-01 9.700000581407198785e-01 4.599999999999999645e+00 5.220459350002162324e+00 5.220459350002162324e+00 1.934737811797764051e+00 1.934737811797764051e+00
9.700001571968944747e-01 0.000000000000000000e+00 1.584004000002840806e+00 5.220458361577266615e+00 5.720062999999999676e+00 5.935333441347082406e+00 2.496817865884894516e+00 2.718521207443855836e+00
9.700000581407198785e-01 1.584004000002840806e+00 0.000000000000000000e+00 5.220455699725169652e+00 5.935331083908967464e+00 5.720060000000350087e+00 2.718519343884277184e+00 2.496815252138812280e+00
4.599999999999999645e+00 5.220458361577266615e+00 5.220455699725169652e+00 0.000000000000000000e+00 9.700007345486909571e-01 9.700007345486909571e-01 2.724556918179541487e+00 2.724556918179541487e+00
5.220459350002162324e+00 5.720062999999999676e+00 5.935331083908967464e+00 9.700007345486909571e-01 0.000000000000000000e+00 1.584001999999999910e+00 3.287880103572056623e+00 3.459250449936372984e+00
5.220459350002162324e+00 5.935333441347082406e+00 5.720060000000350087e+00 9.700007345486909571e-01 1.584001999999999910e+00 0.000000000000000000e+00 3.459250449936372984e+00 3.287880103572056623e+00
1.934737811797764051e+00 2.496817865884894516e+00 2.718519343884277184e+00 2.724556918179541487e+00 3.287880103572056623e+00 3.459250449936372984e+00 0.000000000000000000e+00 7.299600000000000533e-01
1.934737811797764051e+00 2.718521207443855836e+00 2.496815252138812280e+00 2.724556918179541487e+00 3.459250449936372984e+00 3.287880103572056623e+00 7.299600000000000533e-01 0.000000000000000000e+00
