0.000000000000000000e+00 9.700001571968944747e-01 9.700000581407198785e-01 4.599999999999999645e+00 5.220459350002162324e+00 5.220459350002162324e+00 1.641100362683525882e+00 1.641100362683525882e+00
9.700001571968944747e-01 0.000000000000000000e+00 1.584004000002840806e+00 5.220458361577266615e+00 5.720062999999999676e+00 5.935333441347082406e+00 2.201835792106668688e+00 2.450375268264434414e+00
9.700000581407198785e-01 1.584004000002840806e+00 0.000000000000000000e+00 5.220455699725169652e+00 5.935331083908967464e+00 5.720060000000350087e+00 2.450373568065285834e+00 2.201833236944387817e+00
4.599999999999999645e+00 5.220458361577266615e+00 5.220455699725169652e+00 0.000000000000000000e+00 9.700007345486909571e-01 9.700007345486909571e-01 3.022120182984124881e+00 3.022120182984124881e+00
5.220459350002162324e+00 5.720062999999999676e+00 5.935331083908967464e+00 9.700007345486909571e-01 0.000000000000000000e+00 1.584001999999999910e+00 3.585550832921630793e+00 3.743318430935979269e+00
5.220459350002162324e+00 5.935333441347082406e+00 5.720060000000350087e+00 9.700007345486909571e-01 1.584001999999999910e+00 0.000000000000000000e+00 3.743318430935979269e+00 3.585550832921630793e+00
1.641100362683525882e+00 2.201835792106668688e+00 2.450373568065285834e+00 3.022120182984124881e+00 3.585550832921630793e+00 3.743318430935979269e+00 0.000000000000000000e+00 7.299600000000000533e-01
1.641100362683525882e+00 2.450375268264434414e+00 2.201833236944387817e+00 3.022120182984124881e+00 3.743318430935979269e+00 3.585550832921630793e+00 7.299600000000000533e-01 0.000000000000000000e+00
