0.000000000000000000e+00 9.700001571968944747e-01 9.700000581407198785e-01 4.599999999999999645e+00 5.220458361577266615e+00 5.220458361577266615e+00 1.350263085624427317e+00 1.350263085624427317e+00
9.700001571968944747e-01 0.000000000000000000e+00 1.584004000002840806e+00 5.220458361577266615e+00 5.720062000000000424e+00 5.935332477616397817e+00 1.908418784072824836e+00 2.190506871781506160e+00
9.700000581407198785e-01 1.584004000002840806e+00 0.000000000000000000e+00 5.220455699725169652e+00 5.935330120178404556e+00 5.720059000000349947e+00 2.190505380745046082e+00 1.908416307652237354e+00
4.599999999999999645e+00 5.220458361577266615e+00 5.220455699725169652e+00 0.000000000000000000e+00 9.700001571968944747e-01 9.700001571968944747e-01 3.320122046009755135e+00 3.320122046009755135e+00
5.220458361577266615e+00 5.720062000000000424e+00 5.935330120178404556e+00 9.700001571968944747e-01 0.000000000000000000e+00 1.584001999999999910e+00 3.883579052292099654e+00 4.029695317926902831e+00
5.220458361577266615e+00 5.935332477616397817e+00 5.720059000000349947e+00 9.700001571968944747e-01 1.584001999999999910e+00 0.000000000000000000e+00 4.029695317926902831e+00 3.883579052292099654e+00
1.350263085624427317e+00 1.908418784072824836e+00 2.190505380745046082e+00 3.320122046009755135e+00 3.883579052292099654e+00 4.029695317926902831e+00 0.000000000000000000e+00 7.299600000000000533e-01
1.350263085624427317e+00 2.190506871781506160e+00 1.908416307652237354e+00 3.320122046009755135e+00 4.029695317926902831e+00 3.883579052292099654e+00 7.299600000000000533e-01 0.000000000000000000e+00
