0.000000000000000000e+00 9.700007345486909571e-01 9.700006354894826766e-01 4.599999999999999645e+00 5.220458361577266615e+00 5.220458361577266615e+00 2.131480799913525015e+00 2.131480799913525015e+00
9.700007345486909571e-01 0.000000000000000000e+00 1.584004000002840806e+00 5.220459350002162324e+00 5.720062999999999676e+00 5.935333441347082406e+00 2.694089303543035996e+00 2.900754259737456930e+00
9.700006354894826766e-01 1.584004000002840806e+00 0.000000000000000000e+00 5.220456688149993418e+00 5.935331083908967464e+00 5.720060000000350087e+00 2.900752306407770487e+00 2.694086658474445173e+00
4.599999999999999645e+00 5.220459350002162324e+00 5.220456688149993418e+00 0.000000000000000000e+00 9.700001571968944747e-01 9.700001571968944747e-01 2.526501612981872036e+00 2.526501612981872036e+00
5.220458361577266615e+00 5.720062999999999676e+00 5.935331083908967464e+00 9.700001571968944747e-01 0.000000000000000000e+00 1.584001999999999910e+00 3.089682290366114525e+00 3.271451475312143753e+00
5.220458361577266615e+00 5.935333441347082406e+00 5.720060000000350087e+00 9.700001571968944747e-01 1.584001999999999910e+00 0.000000000000000000e+00 3.271451475312143753e+00 3.089682290366114525e+00
2.131480799913525015e+00 2.694089303543035996e+00 2.900752306407770487e+00 2.526501612981872036e+00 3.089682290366114525e+00 3.271451475312143753e+00 0.000000000000000000e+00 7.299600000000000533e-01
2.131480799913525015e+00 2.900754259737456930e+00 2.694086658474445173e+00 2.526501612981872036e+00 3.271451475312143753e+00 3.089682290366114525e+00 7.299600000000000533e-01 0.000000000000000000e+00
