0.000000000000000000e+00 9.700007345486909571e-01 9.700000581407198785e-01 4.599999999999999645e+00 5.220458361577266615e+00 5.220458361577266615e+00 2.230069595416250827e+00 2.230069595416250827e+00
9.700007345486909571e-01 0.000000000000000000e+00 1.584004000005050372e+00 5.220459350002162324e+00 5.720062999999999676e+00 5.935333441347082406e+00 2.792870132223301383e+00 2.992721449681710943e+00
9.700000581407198785e-01 1.584004000005050372e+00 0.000000000000000000e+00 5.220455699725169652e+00 5.935330120178404556e+00 5.720059000000349947e+00 2.992718533887375187e+00 2.792866485049545044e+00
4.599999999999999645e+00 5.220459350002162324e+00 5.220455699725169652e+00 0.000000000000000000e+00 9.700001571968944747e-01 9.700001571968944747e-01 2.427593541019583689e+00 2.427593541019583689e+00
5.220458361577266615e+00 5.720062999999999676e+00 5.935330120178404556e+00 9.700001571968944747e-01 0.000000000000000000e+00 1.584001999999999910e+00 2.990673913251326255e+00 3.178110846921800015e+00
5.220458361577266615e+00 5.935333441347082406e+00 5.720059000000349947e+00 9.700001571968944747e-01 1.584001999999999910e+00 0.000000000000000000e+00 3.178110846921800015e+00 2.990673913251326255e+00
2.230069595416250827e+00 2.792870132223301383e+00 2.992718533887375187e+00 2.427593541019583689e+00 2.990673913251326255e+00 3.178110846921800015e+00 0.000000000000000000e+00 7.299600000000000533e-01
2.230069595416250827e+00 2.992721449681710943e+00 2.792866485049545044e+00 2.427593541019583689e+00 3.178110846921800015e+00 2.990673913251326255e+00 7.299600000000000533e-01 0.000000000000000000e+00
