0.000000000000000000e+00 9.700001571968944747e-01 9.700000581407198785e-01 4.599999999999999645e+00 5.220458361577266615e+00 5.220458361577266615e+00 1.543765008153766827e+00 1.543765008153766827e+00
9.700001571968944747e-01 0.000000000000000000e+00 1.584004000002840806e+00 5.220458361577266615e+00 5.720062000000000424e+00 5.935332477616397817e+00 2.103823817576462307e+00 2.362696077645620285e+00
9.700000581407198785e-01 1.584004000002840806e+00 0.000000000000000000e+00 5.220455699725168763e+00 5.935330120178404556e+00 5.720059000000349947e+00 2.362694441326046668e+00 2.103821285972979016e+00
4.599999999999999645e+00 5.220458361577266615e+00 5.220455699725168763e+00 0.000000000000000000e+00 9.700001571968946967e-01 9.700001571968946967e-01 3.121411603810044788e+00 3.121411603810044788e+00
5.220458361577266615e+00 5.720062000000000424e+00 5.935330120178404556e+00 9.700001571968946967e-01 0.000000000000000000e+00 1.584001999999999910e+00 3.684857372463960168e+00 3.838545552070732114e+00
5.220458361577266615e+00 5.935332477616397817e+00 5.720059000000349947e+00 9.700001571968946967e-01 1.584001999999999910e+00 0.000000000000000000e+00 3.838545552070732114e+00 3.684857372463960168e+00
1.543765008153766827e+00 2.103823817576462307e+00 2.362694441326046668e+00 3.121411603810044788e+00 3.684857372463960168e+00 3.838545552070732114e+00 0.000000000000000000e+00 7.299600000000000533e-01
1.543765008153766827e+00 2.362696077645620285e+00 2.103821285972979016e+00 3.121411603810044788e+00 3.838545552070732114e+00 3.684857372463960168e+00 7.299600000000000533e-01 0.000000000000000000e+00
