0.000000000000000000e+00 9.700001571968944747e-01 9.700000581407198785e-01 4.599999999999999645e+00 5.220459350002162324e+00 5.220459350002162324e+00 1.836630175184976954e+00 1.836630175184976954e+00
9.700001571968944747e-01 0.000000000000000000e+00 1.584004000002840806e+00 5.220458361577266615e+00 5.720062999999999676e+00 5.935333441347082406e+00 2.398352195863234559e+00 2.628374279915628442e+00
9.700000581407198785e-01 1.584004000002840806e+00 0.000000000000000000e+00 5.220455699725169652e+00 5.935331083908967464e+00 5.720060000000350087e+00 2.628372466579460998e+00 2.398349599894268547e+00
4.599999999999999645e+00 5.220458361577266615e+00 5.220455699725169652e+00 0.000000000000000000e+00 9.700007345486907351e-01 9.700007345486907351e-01 2.823687376534449456e+00 2.823687376534449456e+00
5.220459350002162324e+00 5.720062999999999676e+00 5.935331083908967464e+00 9.700007345486907351e-01 0.000000000000000000e+00 1.584001999999999910e+00 3.387058011824568560e+00 3.553648839627376432e+00
5.220459350002162324e+00 5.935333441347082406e+00 5.720060000000350087e+00 9.700007345486907351e-01 1.584001999999999910e+00 0.000000000000000000e+00 3.553648839627376432e+00 3.387058011824568560e+00
1.836630175184976954e+00 2.398352195863234559e+00 2.628372466579460998e+00 2.823687376534449456e+00 3.387058011824568560e+00 3.553648839627376432e+00 0.000000000000000000e+00 7.299600000000000533e-01
1.836630175184976954e+00 2.628374279915628442e+00 2.398349599894268547e+00 2.823687376534449456e+00 3.553648839627376432e+00 3.387058011824568560e+00 7.299600000000000533e-01 0.000000000000000000e+00
